# TSP data from https://developers.google.com/optimization/routing/tsp

import numpy as np


cities = [
    "New York",
    "Los Angeles",
    "Chicago",
    "Minneapolis",
    "Denver",
    "Dallas",
    "Seattle",
    "Boston",
    "San Francisco",
    "St Louis",
    "Houston",
    "Phoenix",
    "Salt Lake City",
]

distance_matrix_1 = [
    [0, 2451, 713, 1018, 1631, 1374, 2408, 213, 2571, 875, 1420, 2145, 1972],
    [2451, 0, 1745, 1524, 831, 1240, 959, 2596, 403, 1589, 1374, 357, 579],
    [713, 1745, 0, 355, 920, 803, 1737, 851, 1858, 262, 940, 1453, 1260],
    [1018, 1524, 355, 0, 700, 862, 1395, 1123, 1584, 466, 1056, 1280, 987],
    [1631, 831, 920, 700, 0, 663, 1021, 1769, 949, 796, 879, 586, 371],
    [1374, 1240, 803, 862, 663, 0, 1681, 1551, 1765, 547, 225, 887, 999],
    [2408, 959, 1737, 1395, 1021, 1681, 0, 2493, 678, 1724, 1891, 1114, 701],
    [213, 2596, 851, 1123, 1769, 1551, 2493, 0, 2699, 1038, 1605, 2300, 2099],
    [2571, 403, 1858, 1584, 949, 1765, 678, 2699, 0, 1744, 1645, 653, 600],
    [875, 1589, 262, 466, 796, 547, 1724, 1038, 1744, 0, 679, 1272, 1162],
    [1420, 1374, 940, 1056, 879, 225, 1891, 1605, 1645, 679, 0, 1017, 1200],
    [2145, 357, 1453, 1280, 586, 887, 1114, 2300, 653, 1272, 1017, 0, 504],
    [1972, 579, 1260, 987, 371, 999, 701, 2099, 600, 1162, 1200, 504, 0],
]



swiss42 = [
           [0,15,30, 23, 32, 55, 33, 37, 92,114,92,110,96, 90, 74, 76, 82, 67, 72, 78, 82, 159, 122, 131, 206, 112, 57, 28, 43, 70, 65, 66, 37, 103, 84, 125, 129, 72 ,126, 141, 183, 124],
           [15,0,34, 23, 27, 40, 19, 32, 93,117,88,100,87, 75, 63, 67, 71, 69, 62, 63, 96, 164, 132, 131, 212, 106, 44, 33, 51, 77, 75, 72, 52, 118, 99, 132, 132, 67, 139, 148, 186, 122],
           [30,34,0, 11, 18, 57, 36, 65, 62,84,64,89,76, 93, 95, 100, 104, 98, 57, 88, 99, 130, 100, 101, 179, 86, 51, 4, 18, 43, 45, 95, 45, 115, 93, 152, 159, 100, 112, 114, 153, 94],
           [23,23,11, 0, 11, 48, 26, 54, 70,94,69,89,75, 84, 84, 89, 92, 89, 54, 78, 99, 141, 111, 109, 190, 89, 44, 11, 29, 54, 56, 89, 47, 118, 96, 147, 151, 90, 122, 126, 163, 101],
           [32,27,18, 11, 0, 40, 20, 58, 67,92,61,78,65, 76, 83, 89, 91, 95, 43, 72, 110, 141, 116, 105, 190, 81, 34, 19, 35, 57, 63, 97, 58, 129, 107, 156, 158, 92, 129, 127 ,161, 95],
           [55,40,57, 48, 40, 0, 23, 55, 96,123,78,75,62, 36, 56, 66, 63, 95, 37, 34, 137, 174, 156, 129, 224, 90, 15, 59, 75, 96, 103, 105, 91, 158, 139, 164, 156, 78, 169, 163, 191, 115],
           [33,19,36, 26, 20, 23, 0, 45, 85,111,75,82,69, 60, 63, 70, 71, 85, 44, 52, 115, 161, 136, 122, 210, 91, 25, 37, 54, 78, 81, 90, 68, 136, 116, 150, 147, 76, 148, 147, 180, 111],
           [37,32,65,  54,  58,  55,  45,0, 124,149,118, 126, 113 , 80,  42,  42,  49,  40,  87,  60,  94, 195, 158, 163, 242, 135,  65,  63,  79, 106, 101,  50,  66, 118, 104, 109, 103,  36, 160, 178 ,218 ,153],
           [92,93,62,  70,  67,  96,  85,124,0,28,29,68, 63 ,122, 148, 155, 156, 159,  67, 129, 148,  78,  80,  39, 129,  46,  82,  65,  55,  40,  61, 157,  97, 159, 135, 212, 221, 159, 110,  72 , 95 , 35],
           [114,117,84,  94,  92, 123, 111,149,28,0,54,  91, 88 ,150, 174, 181, 182, 181,  95, 157, 159,  50,  65,  27, 102,  65, 110,  87,  73,  50,  68, 176, 112, 166, 142, 229, 241, 184,  99,  46 , 69 , 38],
           [92,88,64,69,61,78,75,118,29,54,   0,  39, 34,  99, 134, 142, 141, 157,  44, 110, 161, 103, 109,  52, 154,  22,  63,  68,  66,  61,  81, 158, 107, 175, 151, 216, 219, 150, 137, 100 ,115 , 37],
           [110,100,89, 89, 78, 75, 82, 126, 68, 91, 39, 0, 14, 80, 129, 139, 135, 167,  39, 98, 187, 136, 148,  81, 186,  28,  61,  92,  97,  98, 117, 173, 134, 204, 181, 232, 229, 153, 176, 137 ,143 , 62],
           [96,87,76, 75, 65, 62, 69, 113,  63,  88,  34,  14, 0, 72, 117, 128, 124, 153,  26, 88, 174, 136, 142,  82, 187,  32,  48,  79,  85,  89, 106, 159, 121, 191, 168, 219, 216, 140, 168, 134 ,145 , 64],
           [90,75,93, 84, 76, 36, 60, 80, 122, 150,  99,  80,  72,  0,  59,  71,  63, 116,  56, 25, 170, 201, 189, 151, 252, 104,  44,  95, 111, 130, 138, 130, 127, 192, 174, 186, 172,  90, 205, 193 ,214 ,135],
           [74,63,95, 84, 83, 56, 63, 42, 148, 174, 134, 129, 117, 59, 0, 11, 8, 63, 93, 35, 135, 223, 195, 184, 273, 146, 71, 95 ,113 ,138, 138 , 81 ,107 ,159 ,146 ,132 ,113 , 32 ,200 ,209 ,243 ,171],
           [76,67,100, 89, 89, 66, 70, 42, 155, 181, 142, 139, 128, 71, 11, 0, 11, 54, 103, 46, 130, 230, 198, 192, 279, 155, 80, 99, 117, 143, 141, 74, 107, 155, 143, 122, 102, 22, 202, 215, 250, 179],
           [82,71,104, 92, 91, 63, 71, 49, 156, 182, 141, 135, 124, 63, 8, 11, 0, 65, 100, 39, 140, 232, 203, 192, 281, 153, 78, 103, 121, 147, 146, 85, 115, 164, 152, 133, 112, 33, 208, 218, 251, 178],
           [67,69,98, 89, 95, 95, 85,  40 ,159, 181, 157, 167, 153 ,116,  63,  54,  65,   0, 127,  92,  83, 224, 180, 199, 269, 175, 106,  95, 109, 135, 125,  21,  80, 107, 100,  71,  63,  33, 173, 205 ,249 ,191],
           [72,62,57, 54, 43, 37, 44, 87, 67, 95, 44, 39, 26, 56, 93, 103, 100, 127, 0, 67, 153, 145, 139, 96, 196, 53, 23, 60, 70, 81, 95, 134, 101, 172, 149, 194, 190, 115, 160, 138, 159, 80],
           [78,63,88, 78, 72,34,52,60,129,157, 110,  98,  88 , 25,  35,  46,  39,  92,  67,   0, 152, 207, 188, 162, 258, 119,  48,  89, 107, 129, 134, 108, 114, 176, 159, 163, 147,  66, 200, 197 ,224 ,147],
           [82,96,99, 99, 110,137,115,94,148,159, 161, 187, 174 ,170, 135, 130, 140,  83, 153, 152,   0, 188, 128, 184, 222, 183, 139,  95,  95, 110,  91,  62,  54,  24,  23,  81, 110, 113, 108, 164 ,217, 184],
           [159,164,130, 141,141, 174, 161,195,  78,  50, 103, 136, 136 ,201, 223, 230, 232, 224, 145, 207, 188,   0,  65,  57,  51, 109, 160, 132, 116,  90, 102, 217, 148, 188, 168, 264, 281, 231, 100,  26, 30 , 75],
           [122,132,100, 111,116, 156, 136,158,  80,  65, 109, 148, 142 ,189, 195, 198, 203, 180, 139, 188, 128,  65,   0,  91,  94, 126, 145, 100,  82,  60,  57, 167,  99, 126, 106, 208, 230, 194,  36,  39, 94 ,103],
           [131,131,101, 109,105, 129 ,122,163,  39,  27,  52,  81,  82 ,151, 184, 192, 192, 199,  96, 162, 184,  57,  91,   0, 106,  53, 115, 104,  94,  74,  94, 196, 134, 192, 168, 251, 260, 197, 126,  64, 64 , 19],
           [206,212, 179, 190,190, 224, 210,242, 129, 102, 154, 186, 187 ,252, 273, 279, 281, 269, 196, 258, 222,  51,  94, 106, 0, 158, 211, 180, 163, 136, 145, 259, 190, 218, 200, 302, 323, 278, 120, 65, 49, 124],
           [112,106, 86, 89, 81,90, 91, 135,46, 5, 22, 28, 32, 104, 146, 155, 153, 175, 53, 119, 183, 109, 126, 53, 158, 0, 75, 89, 88, 83, 103, 178, 129, 197, 173, 236, 238, 166, 156, 111, 115, 34],
           [57,44,51,44,34,15,25,65,82, 110,  63,  61,  48,  44,  71,  80,  78, 106,  23,  48, 139, 160, 145, 115, 211,  75,   0,  53,  68,  86,  95, 114,  90, 160, 139, 173, 168,  92, 162, 150 ,176 ,101],
           [28,  33,   4,  11,  19, 59,37,63,65,  87,  68,  92,  79,  95,  95,  99, 103,  95,  60,  89,  95, 132, 100, 104, 180,  89,  53,   0,  18,  44,  45,  92,  42, 112,  89 ,149, 156,  99, 111, 116 ,155 , 97],
           [43,  51,  18,  29,  35, 75,54,79,55,  73,  66,  97,  85, 111, 113, 117, 121, 109,  70, 107,  95, 116,  82,  94, 163,  88,  68,  18,   0,  27,  27, 103,  42, 109,  85 ,157, 168, 115 , 94,  98 ,140 , 90],
           [70,  77,  43,  54,  57, 96,78,106,40,  50,  61,  98,  89, 130, 138, 143, 147, 135,  81, 129, 110,  90,  60,  74, 136,  83,  86,  44,  27,   0,  21, 128,  62, 119,  96 ,179, 192, 142 , 79,  72 ,115 , 74],
           [65,  75,  45,  56,  63,103,  81,101,61,  68,  81, 117, 106, 138, 138, 141, 146, 125,  95, 134  ,91, 102,  57,  94, 145, 103,  95,  45,  27,  21,   0, 115,  46,  98,  75 ,163, 179, 136 , 67,  81 ,129 , 95],
           [66,  72,  95,  89,  97, 105,  90,50,157, 176, 158, 173, 159, 130,  81,  74,  85,  21, 134, 108  ,62, 217, 167, 196, 259, 178, 114,  92, 103, 128, 115,   0,  69,  86,  81 , 60,  65,  54 ,158, 195, 243, 190],
           [37,  52,  45,  47,  58,  91,  68,66,97, 112, 107, 134, 121, 127, 107, 107, 115,  80, 101, 114,  54, 148,  99, 134, 190, 129, 90, 42, 42, 62, 46, 69, 0, 71, 49, 117, 133, 98, 95, 127, 175, 132],
           [103, 118, 115, 118, 129, 158, 136,118,159, 166, 175, 204, 191, 192, 159, 155, 164, 107, 172, 176,  24, 188, 126, 192, 218, 197, 160, 112, 109, 119, 98, 86, 71, 0, 24, 94, 127, 137, 100, 163, 218, 194],
           [84,  99,  93,  96, 107, 139, 116, 104, 135, 142, 151, 181, 168, 174, 146, 143, 152, 100, 149, 159,  23, 168, 106, 168, 200, 173, 139, 89, 85, 96, 75, 81, 49, 24, 0, 104, 133, 127, 85, 143, 197, 170],
           [125, 132, 152, 147, 156, 164, 150, 109, 212, 229, 216, 232, 219, 186, 132, 122, 133,  71, 194, 163,  81, 264, 208, 251, 302, 236, 173, 149, 157, 179, 163,  60, 117,  94, 104,   0,  39, 100, 190, 241, 292, 246],
           [129, 132, 159, 151, 158, 156, 147, 103, 221, 241, 219, 229, 216, 172, 113, 102, 112, 63, 190, 147, 110, 281, 230, 260, 323, 238, 168, 156, 168, 192, 179, 65, 133, 127, 133, 39, 0, 81, 216, 259, 307, 253],
           [72,67,100,90,92,78,76,36,159,184,150,153,140,90,32,22,33,33,115,66,113,231,194,197,278,166,92,99,115,142,136,54,98,137,127,100,81,0,193,214,253,187],
           [126, 139, 112, 122, 129, 169, 148, 160, 110, 99, 137, 176, 168, 205, 200, 202, 208, 173, 160, 200, 108, 100, 36, 126, 120, 156, 162, 111, 94, 79, 67, 158, 95, 100, 85, 190, 216, 193, 0, 74, 129, 137],
           [141,148,114,126,127,163,147,178,72,46,100,137,134,193,209,215,218,205,138,197,164,26,39,64,65,111,150,116,98,72,81,195,127,163,143,241,259,214,74,0,55,80],
           [183,186,153,163,161,191,180,218,95,69,115,143,145,214,243,250,251,249,159,224,217,30,94,64,49,115,176,155,140,115,129,243,175,218,197,292,307,253,129,55,0,81],
           [124,122,94,101,95,115,111,153,35,38,37,62,64,135,171,179,178,191,80,147,184,75,103,19,124,34,101,97,90,74,95,190,132,194,170,246,253,187,137,80,81,0]
           ]   


#swiss42 = np.array(swiss42)


brazil58 = [2635, 2713, 2437, 1600, 2845, 6002, 1743, 594, 2182, 2906, 1658, 464, 3334, 3987, 2870, 2601, 330, 3049, 1302, 3399, 1946, 1278, 669, 627, 2878, 1737, 3124, 2878, 307, 5217, 799, 3305, 3716, 2251, 2878, 3467, 4316, 2963, 512, 2515, 4850, 1937, 367, 3601, 3936, 2430, 2691, 2087, 1861, 2358, 2263, 1425, 2266, 2166, 3870, 1417, 739, 
314, 2636, 666, 1096, 4645, 693, 2889, 287, 772, 1135, 2875, 1424, 2185, 1193, 846, 2142, 1127, 3104, 1484, 490, 990, 1950, 2855, 975, 926, 1214, 599, 2535, 3860, 3027, 1407, 1811, 359, 1060, 1557, 2959, 394, 2740, 98, 3538, 856, 2026, 1710, 1733, 508, 194, 532, 2906, 435, 335, 2470, 137, 234, 2072 ,1196, 1517, 
2730, 706, 791, 4588, 922, 2991, 217, 760, 1050, 2915, 1119, 1776, 1451, 5410, 2182, 846, 3333, 578, 721, 1030, 1990, 2895, 670, 835, 909, 287, 2575, 3803, 3067, 1102, 1505, 158, 439, 1248, 2902, 287, 2780, 276, 3436, 771, 2066, 1395, 1740, 407, 279, 334, 3135, 337, 235, 2699, 451, 546, 1882, 2699, 1557, 
2824, 3457, 6083, 2120, 2040, 2844, 2973, 3937, 1958, 3710, 4363, 2941, 3207, 1991, 3512, 1571, 3392, 2013, 2922, 2368, 2170, 3336, 3503, 3500, 2884, 2109, 5298, 2108, 3643, 4092, 2934, 3093, 3843, 4391, 2763, 2083, 2543, 4925, 3236, 2107, 3939, 4274, 3008, 2522, 3006, 806, 2936, 3026, 947, 2464, 2364, 4208, 3116, 2390, 
1247, 4746, 716, 2223, 584, 1442, 694, 2089, 1577, 2230, 1609, 1003, 1260, 1297, 2535, 1511, 908, 324, 1116, 2183, 1126, 260, 1367, 996, 1863, 3961, 2355, 1565, 1959, 660, 1106, 1710, 3060, 991, 2068, 523, 3594, 434, 1354, 1861, 2196, 658, 750, 563, 2929, 586, 668, 2493, 494, 557, 2130, 524, 851, 
5126, 1653, 3545, 708, 1298, 1342, 3451, 347, 1126, 1989, 250, 2736, 138, 3786, 888, 1452, 1671, 2336, 3431, 124, 1165, 189, 640, 3110, 4341, 3603, 489, 855, 730, 364, 598, 3440, 841, 3316, 919, 3974, 1063, 2620, 940, 1090, 722, 921, 761, 3866, 652, 754, 3430, 1096, 1191, 1232, 1582, 2098, 
4267, 6553, 4826, 3830, 5951, 6417, 5423, 6089, 3142, 4876, 5676, 5181, 6678, 4720, 4074, 5071, 5724, 6675, 5000, 4993, 5221, 4494, 6265, 785, 6776, 5265, 5756, 4628, 4747, 5511, 1686, 4276, 6472, 4447, 2230, 5167, 5784 ,5561, 5891, 4902, 4353, 4922, 6480, 4759, 4771, 6044, 4299, 4199, 5830, 5271, 5404, 
2296, 923, 1175, 1282, 2162, 1906, 2559, 1133, 1352, 1422, 1651, 2423, 1588, 209, 1030, 1461, 2420, 1538, 965, 1716, 1112, 2010, 3482, 2521, 1839, 2288, 1000, 1289, 2039, 2551, 955, 2217, 715, 3125, 1145, 1529, 2131, 2466 ,1087, 718, 1083, 2225, 1015, 960, 1789, 537, 436, 2400, 1238, 1199, 
2869, 3459, 2366, 147, 3741, 4399, 3417, 3163, 924, 3462, 681, 3734, 2493, 1934, 1377, 130, 3402, 2449, 3531, 3219, 343, 5766, 228, 3724, 4128, 2883, 3277, 3870, 4835, 3214, 184, 2746, 4875, 2492, 925, 4017, 4362, 2985, 2973, 2831, 1544, 2913, 2891, 1103, 2717, 2655, 4504, 1972, 1447, 
1004, 781, 2793, 1036, 1694, 1694, 458, 1844, 757, 3125, 1096, 827, 908, 1702, 2773, 587, 844, 826, 455, 2453, 4041, 2945, 1019, 1423, 75, 572, 1165, 3140, 560, 2658, 227, 3674, 502, 1944, 1312, 1650, 170, 383, 169, 3136, 98 ,80, 2700, 411, 508, 1584, 948, 1435, 
2128, 3322, 1609, 2266, 693, 1041, 2585, 1353, 3586, 887, 974, 2553, 2624, 3583, 1177, 1488, 1398, 673, 3173, 3045, 3684, 1444, 1935, 941, 926, 1686, 2149, 455, 3380, 894, 2688, 1433, 2692, 1740, 2070, 1081, 696, 1101, 3388, 1009, 950, 2952, 1063, 964, 2009, 1972, 2286, 
2265, 1695, 2353, 2819, 1117, 1557, 1416, 2636, 1755, 1608, 456, 1002, 2245, 1246, 257, 1485, 1225, 1925, 5166, 2417, 1678, 2082, 871, 1231, 1824, 4265, 1290, 2130, 1019, 4799, 279, 1441, 1971, 2309, 772, 1148, 618 ,2844 ,700, 802, 2413, 1188, 1248, 2243, 248, 1210, 
3607, 4265, 3283, 3029, 931, 3328, 817, 3600, 2359, 1876, 1267, 200, 3158, 2339, 3397, 3120, 211, 5632, 366, 3590, 4004, 2766, 3134, 3736, 4701, 3185, 135, 2914, 5274, 2267, 815, 3883, 4221, 2667, 3043, 2606, 1451, 2595, 2697, 1011, 2563, 2623, 4155, 1834, 1337, 
665, 2300, 578, 2845, 474, 4116, 1216, 1705, 1901, 2693, 3848, 652, 1480, 224, 968, 3547, 4648, 4020, 176, 394, 1153, 692, 137, 3752, 1169, 3744, 1301, 4291, 1420, 3047, 479, 629, 1059, 1249, 1079, 4119, 982, 967, 3683, 1424, 1421, 771, 1939, 2901, 
2957, 1236, 3706, 992, 4774, 1471, 2358, 2654, 3346, 4589, 1177, 2151, 887, 1564, 4099, 5304, 4591, 818, 262, 1716, 1350, 528, 4408, 1827, 4306, 1905, 4947, 2073, 3590, 562, 607, 1717, 2093, 1742, 4772, 1645, 1747, 4036, 2082, 2179, 760, 2592, 3554,
1734, 2543, 2044, 3544, 1578, 932, 1939, 2582, 3304, 1868, 1861, 2089, 1362, 3131, 2357, 3642, 2133, 2624, 1491, 1615, 2379, 1456, 1144, 3338, 1310, 1990, 2035, 2650, 2429, 2759, 1770, 1216, 1790, 3346, 1622, 1639, 2910, 1162, 1062, 2698, 2139, 2278, 
2267, 300, 3542, 638, 1202, 1328, 2094, 3187, 129, 915, 368, 390, 2866, 4091, 3359, 561, 965, 480, 114, 711, 3190, 591, 3072, 669, 3724, 846, 2379, 854, 1192, 392, 671, 511, 3565, 408, 388, 3129, 846, 950, 1126, 1347, 1860, 
2566, 1273, 2905, 1619, 1175, 564, 1068, 2600, 1638, 2841, 2470, 770, 5113, 1240, 3039, 3433, 2134, 2580, 3184, 4182, 2465, 953, 1997, 4756, 1834, 114, 3335, 3670, 2388, 2349, 1984, 1715, 2068, 2074, 1284, 1968, 2031, 3604, 1340, 636, 
3841, 945, 1507, 1627, 2393, 3486, 178, 1214, 254, 652, 3165, 4396, 3658, 531, 730, 1079, 374, 476, 3495, 856, 3371, 968, 4029, 1140, 2678, 806, 960, 691, 978, 810, 3864, 707, 687, 3428, 1145, 1249, 1096, 1646, 2159, 
3998, 2620, 2217, 1647, 693, 3665, 2676, 3906, 3487, 1052, 5893, 537, 4108, 4503, 3201, 3635, 4249, 4962, 3366, 800, 3064, 5536, 2804, 1385, 4401, 4739, 3199, 3129, 3032, 1070, 3122, 3209, 634, 2948, 2846, 4673, 2395, 1681, 
1383, 1835, 2627, 3846, 767, 1771, 788, 520, 3380, 3925, 3872, 938, 1200, 842, 524, 943, 3024, 607, 3585, 892, 3558, 1470, 2871, 1288, 1438, 1118, 742, 1143, 3801, 1046, 976, 3365, 1076, 1174, 1185, 1989, 2951, 
1238, 1612, 2617, 1332, 1174, 1495, 875, 2211, 3289, 2718, 1634, 2087, 774, 1109, 1838, 2388, 754, 2414, 607, 2922, 1348, 1726, 1930, 2265, 991, 517, 983, 2422, 919, 880, 1986, 459, 359, 2199, 1438, 1350, 
801, 1865, 1450, 554, 2243, 1546, 1545, 4286, 2037, 1889, 2293, 984, 1542, 2040, 3385, 1315, 1750, 847, 3919, 600, 1061, 2182, 2510, 1093, 1074, 887, 2425, 1021, 992, 1994, 818, 881, 2454, 432, 1394, 
1256, 2083, 1252, 2324, 2058, 936, 4929, 1428, 2517, 2686, 1841, 2057, 2806, 4038, 2123, 1141, 1849, 4572, 1275, 452, 2805, 3143, 1610, 2020, 1612, 1869, 1542, 1642, 1422, 1748, 1811, 3082, 754, 259, 
3310, 2324, 3551, 3185, 372, 5890, 190, 3754, 4148, 2849, 3295, 3899, 4959, 3180, 125, 2712, 5533, 2524, 954, 4050, 4385, 2836, 2939, 2644, 1669, 2764, 2857, 1233, 2683, 2746, 4319, 2004, 1326, 
1044, 432, 519, 2995, 4215, 3487, 709, 908, 609, 243, 639, 3314, 720, 3200, 798, 3848, 969, 2486, 984, 1138, 528, 800, 640, 3751, 536, 517, 3315, 975, 1078, 1274, 1329, 1189, 
1275, 1023, 2004, 4208, 2496, 1468, 1637, 669, 1022, 1627, 3307, 1088, 2209, 783, 3841, 184, 1524, 1756, 2094, 570, 946, 523, 3178, 498, 600, 2742, 754, 817, 2033, 498, 1460, 
758, 3236, 4436, 4225, 283, 606, 848, 482, 359, 3535, 959, 3441, 1037, 4069, 1210, 2727, 701, 851, 702, 1039, 879, 3929, 777, 756, 3493, 1214, 1311, 1494, 1570, 2532, 
2865, 3709, 3036, 478, 1293, 354, 274, 1036, 2808, 366, 3070, 447, 3342, 949, 2356, 708, 837, 577, 367, 623, 3325, 525, 523, 2889, 631, 728, 1635, 1304, 2266, 
5480, 549, 3434, 3828, 2529, 2975, 3579, 4549, 2860, 257, 2392, 5123, 2204, 656, 3730, 4065, 2527, 2619, 2354, 1608, 2444, 2537, 1172, 2406, 2305, 3999, 1684, 1006, 
5991, 4480, 4971, 3843, 3962, 4791, 901, 3491, 5687, 3662, 1445, 4615, 4999, 4776, 5106, 4117, 3568, 4137, 5695, 3969, 3986, 5259, 3514, 3414, 5045, 4708, 4619, 
3926, 4320, 3021, 3467, 4171, 5060, 3352, 297, 2884, 5634, 2696, 1126, 4222, 4557, 3008, 3114, 2846, 1607, 2936, 3162, 1171, 2855, 2918, 4491, 2176, 1498, 
547, 1041, 675, 290, 3579, 1152, 3639, 1230, 4113, 1402, 2925, 213, 435, 802, 1232, 1072, 4052, 970, 949, 3616, 1407, 1511, 413, 1763, 2725, 
1444, 1016, 257, 4002, 1493, 4041, 1638, 4604, 1802, 3319, 354, 229, 1356, 1849, 1475, 4501, 1139, 1352, 4065, 1839, 1931, 300, 1932, 2899, 
594, 1187, 2942, 329, 2734, 148, 3476, 567, 2020, 1335, 1672, 243, 287, 268, 3213, 171, 107, 2777, 315, 419, 1606, 1087, 2049, 
759, 3061, 705, 3180, 635, 3595, 971, 2466, 968, 1306, 506, 705, 625, 3502, 524, 502, 3066, 960, 1064, 1240, 1303, 1974,  
3825, 1236, 3784, 1381, 4359, 1553, 3070, 342, 492, 1099, 1592, 1218, 4252, 1115, 1095, 3816, 1560, 1672, 634, 1908, 2570, 
2590, 4848, 2761, 544, 3481, 4068, 3875, 4505, 3145, 2667, 3236, 4764, 3073, 3083, 4328, 2613, 2513, 4144, 3590, 3718, 
3065, 432, 3124, 1014, 2351, 1445, 1783, 602, 345, 688, 3168, 590, 488, 2732, 498, 589, 1717, 1369, 2331, 
2597, 5330, 2409, 839, 3935, 4270, 2721, 2923, 2559, 1582, 2649, 2753, 1146, 2568, 2651, 4204, 1889, 1211, 
3294, 722, 1883, 1423, 1783, 391, 192, 416, 2928, 319, 217, 2492, 184, 282, 1795, 1095, 2042, 
4015, 4642, 4409, 4739, 3750, 3201, 3770, 5338, 3607, 3617, 4902, 3147, 3047, 4678, 4124, 4252, 
1720, 1698, 2037, 554, 852, 339, 3004, 429, 533, 2571, 889, 993, 1967, 527, 1123, 
3221, 3556, 2274, 2235, 1870, 1601, 1954, 1960, 1170, 1854, 1917, 3490, 1226, 522, 
273, 1340, 1525, 1355, 4344, 1258, 942, 3908, 1700, 1798, 312, 2051, 3033, 
1668, 1863, 1693, 4679, 1596, 1580, 4243, 2038, 2134, 254, 2389, 3351, 
520, 86, 3299, 72, 170, 2864, 558, 662, 1489, 856, 1434, 
543, 2931, 448, 342, 2495, 239, 288, 1797, 1266, 1878, 
3295, 97, 199, 2859, 588, 692, 1637, 858, 1339, 
3227, 3206, 446, 2750, 2649, 4617, 2417, 1882, 
102, 2791, 486, 590, 1535, 8700, 1441, 
2770, 389, 497, 1514, 888, 1543, 
2314, 2213, 4181, 2105, 1446, 
112, 1972, 994, 1345, 
2076, 1057, 1408, 
2328, 2986, 
962] 

n=58
Full_matrix = np.zeros((n,n))
inds = np.triu_indices_from(Full_matrix, k = 1)
# use [:] to copy the list and avoid any problem if the initial list is further needed
Full_matrix[inds] = brazil58[:]
Full_matrix[(inds[1], inds[0])] = brazil58[:]

brazil58=Full_matrix.tolist() 


bayg29 =  [97, 205, 139,  86, 60, 220,  65, 111, 115, 227,  95,  82, 225, 168, 103, 266, 205, 149, 120,  58, 257, 152,  52, 180, 136, 82, 34, 145,
129, 103,  71, 105, 258, 154, 112,  65, 204, 150,  87, 176, 137, 142, 204, 148, 148,  49,  41, 211, 226, 116, 197,  89, 153, 124, 74,
219, 125, 175, 386, 269, 134, 184, 313, 201, 215, 267, 248, 271, 274, 236, 272, 160, 151, 300, 350, 239, 322,  78, 276, 220, 60,
167, 182, 180, 162, 208,  39, 102, 227,  60,  86,  34,  96, 129,  69,  58,  60, 120, 119, 192, 114, 110, 192, 136, 173, 173,
 51, 296, 150, 42, 131, 268,  88, 131, 245, 201, 175, 275, 218, 202, 119,  50, 281, 238, 131, 244,  51, 166,  95,  69,
279, 114,  56, 150, 278,  46, 133, 266, 214, 162, 302, 242, 203, 146,  67, 300, 205, 111, 238,  98, 139,  52, 120,
178, 328, 206, 147, 308, 172, 203, 165, 121, 251, 216, 122, 231, 249, 209, 111, 169,  72, 338, 144, 237, 331,
169, 151, 227, 133, 104, 242, 182,  84, 290, 230, 146, 165, 121, 270,  91,  48, 158, 200,  39,  64, 210,
172, 309,  68, 169, 286, 242, 208, 315, 259, 240, 160,  90, 322, 260, 160, 281,  57, 192, 107,  90,
140, 195,  51, 117,  72, 104, 153,  93,  88,  25,  85, 152, 200, 104, 139, 154, 134, 149, 135,
320, 146,  64,  68, 143, 106,  88,  81, 159, 219,  63, 216, 187,  88, 293, 191, 258, 272,
174, 311, 258, 196, 347, 288, 243, 192, 113, 345, 222, 144, 274, 124, 165,  71, 153,
144,  86,  57, 189, 128,  71,  71,  82, 176, 150,  56, 114, 168,  83, 115, 160,
 61, 165,  51,  32, 105, 127, 201,  36, 254, 196, 136, 260, 212, 258, 234,
106, 110,  56,  49,  91, 153,  91, 197, 136,  94, 225, 151, 201, 205,
215, 159,  64, 126, 128, 190,  98,  53,  78, 218,  48, 127, 214,
 61, 155, 157, 235,  47, 305, 243, 186, 282, 261, 300, 252,
105, 100, 176,  66, 253, 183, 146, 231, 203, 239, 204,
113, 152, 127, 150, 106,  52, 235, 112, 179, 221,
 79, 163, 220, 119, 164, 135, 152, 153, 114,
236, 201,  90, 195,  90, 127,  84,  91,
273, 226, 148, 296, 238, 291, 269,
112, 130, 286,  74, 155, 291,
130, 178,  38,  75, 180,
281, 120, 205, 270,
213, 145,  36,
 94, 217,
162]

n=29
Full_matrix = np.zeros((n,n))
inds = np.triu_indices_from(Full_matrix, k = 1)
# use [:] to copy the list and avoid any problem if the initial list is further needed
Full_matrix[inds] = bayg29[:]
Full_matrix[(inds[1], inds[0])] = bayg29[:]

bayg29=Full_matrix.tolist() 






